60006
10008
20018
60023
60024
20025
20027
10030
30031
10034
20040
10042
30043
30047
30049
20052
10053
10055
10058
30059
10066
60067
10069
10070
10071
10079
60081
60082
10084
10085
20086
10088
30099
20100
60101
10102
60103
30104
30105
20108
30109
20110
60111
20112
10113
30114
60115
30116
30118
20120
10121
60122
30123
20124
10125
10126
20128
10129
20130
30132
30133
60134
20135
20136
10137
30138
20139
30140
10141
10142
10143
20144
60145
30146
10147
20148
30149
30150
20151
20152
60153
10154
30155
30156
20157
60158
20159
20160
10161
30162
60163
60164
10165
30166
20167
20168
60169
10170
10171
60172
30173
30174
30175
20176
60177
10178
30179
30180
30181
10182
10183
20184
60185
10186
30187
60188
30189
10190
20191
20192
60193
10194
30195
30196
60197
30198
60199
20200
60201
10202
30203
10204
10205
30206
30207
20208
60209
10210
30211
30212
20213
20214
10215
20216
60217
10218
30219
30220
10221
60222
20223
20224
60225
10226
30227
30228
60229
60230
30231
20232
60233
10234
10235
10236
60237
20238
30239
20240
60241
10242
30243
10244
20248
10249
30250
30251
30252
30253
60254
30255
20256
60257
10258
30259
20261
10262
30263
20264
60265
60266
30267
30268
30269
10270
20271
20272
60273
10274
30275
30276
10277
20278
20280
10281
30282
30283
60284
30285
10286
60287
10288
20290
30291
30292
60293
60294
10295
30296
10297
10298
60299
20300
60301
10302
30303
20304
30305
30306
10307
20308
60309
10310
10311
20312
60313
30314
10315
20316
60317
30318
30319
20320
10321
10322
60323
20324
10325
10327
20328
60329
10330
10331
20332
60333
30334
60335
20336
60337
10338
30339
20340
20341
20342
20343
30345
30346
30347
20348
10349
60350
30351
20352
10353
10354
30355
30356
20358
60359
20360
60361
10362
30363
20364
60365
30366
10367
20368
60369
10370
30371
20372
10373
30374
60375
20376
60377
20378
60379
20380
10381
10382
60383
30385
20386
10387
20388
30389
20390
10391
20392
60393
30394
10395
20396
60397
10398
30399
20400
60401
10403
20404
60405
30406
30407
20408
60409
20410
60411
20412
60413
10414
30415
20416
30417
30418
30419
60421
10422
30423
20424
10425
30426
10427
20428
60429
30430
30431
20432
60433
10434
30435
20436
60437
10438
10439
20440
60441
30442
30443
20444
30445
30446
10447
20448
30449
10450
10451
20452
60453
20454
10455
20456
60457
30458
60459
10461
30463
20464
60465
20466
10467
20468
60469
20470
60471
20472
60473
30474
10475
20476
60477
20478
60479
20480
30481
10482
60483
20484
30485
10486
10487
20488
60489
30490
60491
20492
60493
20494
10495
20496
30497
30498
20499
20500
60501
30502
30503
10504
10505
20506
60507
10509
30510
30511
20512
60513
10514
30515
10517
30518
10519
20520
30521
20524
30525
10527
20528
60529
10530
30531
30532
10533
20534
10535
20536
10537
30538
30539
20540
60541
10542
30543
20544
60545
10546
30547
20548
60549
30550
20551
20552
10553
20554
20555
60556
10557
30558
30559
20560
60561
20562
20563
10564
60565
30566
30567
20568
60569
20570
20573
60574
60575
20576
60577
30578
30579
60580
60581
60582
60583
30584
20585
10586
30587
30588
60589
20590
20591
60592
60594
30595
60596
30597
10598
30599
20600
60601
20602
60603
20604
30605
60606
10607
20608
30609
20610
10611
20612
60613
30614
30615
30617
30618
30619
20620
60622
10623
20624
10625
30626
30627
20628
60629
20630
30631
20632
30633
10635
20636
60637
30638
30639
20640
10641
30642
30643
20644
60645
10646
30647
20648
60649
10650
10651
20652
10653
30654
20655
20656
30657
30658
20659
30661
10662
60663
10664
60665
10666
30667
20668
60669
30670
10671
20672
20673
30674
30675
10676
10677
10678
20680
10681
10682
30683
20684
10685
20686
30687
20688
60689
30690
10691
20692
30693
10695
10697
30698
30699
20700
60701
10702
30703
20704
60705
30706
10707
20708
60709
30710
30711
20712
30713
30715
20716
30718
20719
20720
10721
30722
10723
20724
30725
30726
20727
30728
60729
60730
10731
30732
20733
30734
10735
30737
60738
30739
20740
20741
30742
10745
60746
20747
10748
30749
30750
30751
10754
10755
20756
60757
30758
10759
20760
10761
30762
10763
20764
60765
20766
30767
10769
10770
10771
20772
60773
30774
30775
20776
10777
10778
30779
20780
60781
10782
30783
20784
30785
30786
10787
20788
60789
10790
30791
20792
60793
30794
10795
20796
10797
10798
30799
20800
60801
30802
30803
10804
60805
10806
60807
20808
30809
20810
10811
30813
30814
10815
20816
60817
30818
10819
20820
60821
10822
30823
30824
10825
30826
30827
20828
60829
30830
60831
20832
10833
10834
30835
20836
60837
30838
30839
20840
10841
20842
10843
20844
60845
30846
30847
20848
60849
30850
60851
20852
10853
30854
30855
20856
30857
20858
30859
20860
30861
20863
20864
20865
30866
10867
20868
60869
60870
20871
30873
20874
20875
20876
10877
60878
60879
20880
30881
30883
20884
10885
10886
30887
20888
60889
30890
20892
10893
60894
20896
30897
30898
60899
20900
60901
10902
30903
30904
30905
10906
10907
20908
60909
20910
60911
20912
10913
10914
30915
20916
60917
20918
60919
20920
60921
20922
60923
20924
60925
10926
60927
20929
20930
30931
30933
30934
20935
60936
30937
20938
60939
20940
60941
60942
60943
20944
20946
30947
20948
60949
20950
30951
20953
60954
60956
20957
60958
20959
30960
10961
30962
10963
10964
20965
60966
60968
20975
60977
30978
10979
60983
20985
60986
20987
20989
30990
60991
20993
60994
20995
60996
60998
11101
11103
11104
11105
11106
11107
11108
11109
11110
11111
11112
11113
11114
11115
11116
11117
11118
11119
11120
11121
11122
11123
11124
11125
11128
11129
11130
11131
11132
11133
11134
11135
11136
11137
11138
11139
11140
11141
11142
11143
11144
11145
11146
11147
11148
11149
11150
11151
11152
11153
11155
11156
11157
11158
11159
11160
11161
11162
11163
11164
11165
11166
11167
11168
11169
11170
11171
11172
11173
11174
11175
11176
11177
11178
11179
11180
11181
11182
11183
11184
11185
11186
11187
11188
11189
11190
11191
11192
11193
11194
11195
11197
11198
11199
21201
21202
21204
21206
21207
21209
21210
21211
21212
21214
21215
21216
21217
21218
21219
21220
21221
21222
21223
21225
21227
21228
21229
21230
21231
21232
21233
21234
21235
21236
21237
21238
21239
21241
21242
21243
21244
21246
21248
21250
21251
21252
21253
21254
21255
21256
21257
21258
21260
21261
21262
21298
31300
31301
31302
31303
31304
31305
31306
31307
31308
31309
31310
31311
31312
31313
31314
31315
31316
31317
31318
31319
31320
31321
31322
31324
31325
31326
31327
31328
31331
31332
31333
31340
31341
31350
31351
31352
31353
31354
31355
31356
31357
31358
31359
31360
31361
31362
31363
31364
31365
31366
31367
31368
31369
31370
31371
31372
31382
31383
31384
31386
31387
31388
31389
31500
31503
31506
31507
31508
31510
31512
31513
31514
31515
31516
31517
31518
31521
31522
31523
31524
31525
31528
31531
31532
31533
31534
31535
31536
31537
31540
31544
31545
31546
31547
31548
31549
31550
31551
31552
31555
31556
31557
31558
31559
31560
31561
31562
31563
31564
31566
31567
31568
31570
31571
31572
31573
31574
31575
31576
31577
31578
31582
31583
31584
31585
31586
31587
31588
31590
31591
31592
31593
31594
31595
31596
31597
31598
31599
31700
31702
31703
31704
31705
31706
31707
31709
31710
31711
31714
31715
31716
31717
31718
31719
31725
31726
31727
31728
31729
31732
31733
31734
31735
31736
31737
31738
31739
31742
31743
31744
31745
31746
31747
31748
31749
31750
31751
31752
31753
31754
31755
31756
31757
31758
31759
31760
31761
31762
31763
31764
31765
31766
31767
31768
31769
31770
31771
31772
31773
31774
31775
31776
31777
31778
31779
31780
31781
31782
31783
31784
31785
31786
31787
31788
31790
11800
11801
11802
11803
11804
11805
11806
11807
11808
11809
11811
11812
11813
11814
11815
11816
11817
11818
11819
11820
11821
11822
11823
11824
11825
11826
11827
11828
11829
11830
11831
11832
11833
11834
11835
11836
11889
252500
252501
252502
252503
252509
252510
252520
252521
252522
252523
252524
252525
252526
252527
252528
252529
252531
252532
252533
252534
252535
252536
252537
252538
252539
252540
252541
252542
252543
252544
252545
252546
252547
252548
252549
252550
252551
252552
252553
252554
252555
252556
252557
252558
252559
252560
252561
252562
252563
252564
252565
252566
252567
252568
252569
252570
312800
312801
312805
312840
302901
302902
302903
302904
302905
302906
302907
302908
302909
302910
302911
302912
302915
302916
302918
302921
302922
302931
302932
302933
302934
302935
302936
302937
302940
302948
123001
123002
123003
123006
123007
123008
123009
123010
123011
123012
123013
123014
123015
123016
123017
123018
123019
123020
123021
123022
123023
123024
123025
123026
123027
123028
123029
123030
123031
123032
123033
123034
123035
123036
123037
123038
123039
123040
123041
123042
123043
123044
123045
123046
123047
123048
123049
123050
123051
123052
123053
123054
21253
21254
21255
21256
21257
21258
21260
21261
21262
21298
31300
31301
31302
31303
31304
31305
31306
31307
31308
31309
31310
31311
31312
31313
31314
31315
31316
31317
31318
31319
31320
31321
31322
31324
31325
31326
31327
31328
31331
31332
31333
31340
31341
31350
31351
31352
31353
31354
31355
31356
31357
31358
31359
31360
31361
31362
31363
31364
31365
31366
31367
31368
31369
31370
31371
31372
31382
31383
31384
31386
31387
31388
31389
31500
31503
31506
31507
31508
31510
31512
31513
31514
31515
31516
31517
31518
31521
31522
31523
31524
31525
31528
31531
31532
31533
31534
31535
31536
31537
31540
31544
31545
31546
31547
31548
31549
31550
31551
31552
31555
31556
31557
31558
31559
31560
31561
31562
31563
31564
31566
31567
31568
31570
31571
31572
31573
31574
31575
31576
31577
31578
31582
31583
31584
31585
31586
31587
31588
31590
31591
31592
31593
31594
31595
31596
31597
31598
31599
31700
31702
31703
31704
31705
31706
31707
31709
31710
31711
31714
31715
31716
31717
31718
31719
31725
31726
31727
31728
31729
31732
31733
31734
31735
31736
31737
31738
31739
31742
31743
31744
31745
31746
31747
31748
31749
31750
31751
31752
31753
31754
31755
31756
31757
31758
31759
31760
31761
31762
31763
31764
31765
31766
31767
31768
31769
31770
31771
31772
31773
31774
31775
31776
31777
31778
31779
31780
31781
31782
31783
31784
31785
31786
31787
31788
31790
11800
11801
11802
11803
11804
11805
11806
11807
11808
11809
11811
11812
11813
11814
11815
11816
11817
11818
11819
11820
11821
11822
11823
11824
11825
11826
11827
11828
11829
11830
11831
11832
11833
11834
11835
11836
11889
252500
252501
252502
252503
252509
252510
252520
252521
252522
252523
252524
252525
252526
252527
252528
252529
252531
252532
252533
252534
252535
252536
252537
252538
252539
252540
252541
252542
252543
252544
252545
252546
252547
252548
252549
252550
252551
252552
252553
252554
252555
252556
252557
252558
252559
252560
252561
252562
252563
252564
252565
252566
252567
252568
252569
252570
312800
312801
312805
312840
302901
302902
302903
302904
302905
302906
302907
302908
302909
302910
302911
302912
302915
302916
302918
302921
302922
302931
302932
302933
302934
302935
302936
302937
302940
302948
123001
123002
123003
123006
123007
123008
123009
123010
123011
123012
123013
123014
123015
123016
123017
123018
123019
123020
123021
123022
123023
123024
123025
123026
123027
123028
123029
123030
123031
123032
123033
123034
123035
123036
123037
123038
123039
123040
123041
123042
123043
123044
123045
123046
123047
123048
123049
123050
123051
123052
123053
123054
204126
204127
204128
204129
204130
204131
204132
204133
204134
204135
204136
204137
204138
204139
204140
204141
204143
204144
204145
204146
204147
204169
204170
204198
244310
244311
244312
244315
244316
244319
244320
244321
244330
244335
244336
244337
244338
244340
164402
164403
164404
164405
164406
164407
164408
164409
164412
164413
164414
164416
164417
164423
164425
164428
164430
164431
164432
164434
164435
164436
164437
164438
164439
164441
164443
164445
164446
164447
164448
164449
164450
164451
164452
164453
164454
164455
164456
164458
164460
164461
164463
164464
164465
164466
164467
164468
164470
164472
164473
164475
164476
164477
164479
164480
164481
164482
164483
164484
164485
164486
164487
164488
164490
164492
164493
164496
164497
164498
194617
194618
194619
194620
194621
194622
194624
194626
194627
194629
194631
194633
194635
194647
194648
144701
144702
144703
144705
144707
144711
144713
144715
144717
144719
144723
144725
144727
144729
144733
144735
144737
144739
144741
144761
144763
144765
144767
144769
144773
144775
144777
144779
144781
144783
144795
144796
144798
144799
214801
214802
214803
214804
214805
214806
214807
214808
214809
214810
214811
214812
214813
214814
214815
214816
214817
214818
214819
214820
214821
214822
214823
214824
214825
214826
214827
214828
214829
214830
214831
214833
214895
214897
214898
214899
134901
134902
134903
134904
134905
134906
134907
134908
134909
134910
134911
134912
134913
134914
134915
134916
134917
134918
134919
134926
134927
134928
134929
134930
115000
115017
115026
115027
115029
115031
115032
115033
115146
115147
115200
115201
115202
115203
115211
115216
115220
115228
115230
115234
115242
115249
115250
115253
115254
115264
115265
115267
115274
115275
115276
115277
115284
115299
115301
115313
115314
115316
115318
115332
115337
115338
115339
115344
115345
115346
115350
115351
115358
115360
115362
115369
115372
115373
115377
115389
115392
115397
115400
115401
115402
115407
115409
115420
115422
115432
115434
115438
115441
115443
115448
115458
115460
115462
115463
115468
115495
115508
115509
115510
115511
115512
115513
115514
115515
115527
115700
115704
115712
115715
115719
115720
115722
115724
115725
115727
115731
115736
115751
115755
115760
115762
115765
115773
115785
115789
115804
115809
115814
115827
115832
115849
115852
115853
115859
115900
115925
115931
115934
115941
115943
116000
116001
116010
116013
116015
116017
116022
116030
116031
116100
116102
116115
116123
116147
116163
116168
116183
116187
116189
116300
116310
116347
116400
116401
116421
116422
116424
116432
116439
116459
116460
116462
116477
116478
116479
86501
86502
86503
86504
86511
86513
86514
86515
86517
86519
86521
86523
86525
86529
86531
86533
86535
86537
86541
86543
86551
86553
86555
86557
86559
86561
86563
86567
86571
86573
86575
86581
86583
86585
86587
86589
86593
86597
86599
116600
116601
116620
116621
116623
116627
116629
116634
116654
116660
116676
116800
116820
116833
116836
116840
116841
116847
116849
116855
116862
116900
116901
116902
116903
116912
116916
116917
116919
116932
116952
116962
116965
116972
116974
117000
117001
117026
117100
117114
117116
117117
117119
117123
117200
117202
117203
117216
117219
117220
117221
117231
117234
117239
117244
117247
117249
117250
117251
117255
117259
117260
117265
117267
117278
117281
117282
117283
117284
117286
117287
117290
117292
117300
117302
117309
117311
117313
117314
117318
117319
117320
117328
117329
117340
117341
117342
117343
117344
117345
117346
117347
117348
117349
117364
117400
117402
117426
117428
117436
117438
117443
117446
117500
117517
117528
117532
117600
117626
117653
117700
117800
117802
117803
117810
117811
117814
117816
117820
117824
117848
117850
117854
117856
117860
117865
117870
117876
117881
117885
117887
117888
117889
117892
117893
117901
117909
117911
117916
117920
117931
117932
117947
117956
118000
118001
118003
118004
118005
118007
118008
118013
118100
118102
118105
118116
118117
118120
118138
118144
118145
118147
118200
118300
118310
118313
118314
118322
118327
118330
118337
118338
118339
118365
118367
118378
118381
118386
118387
118390
118393
118406
118422
118425
118426
118427
118428
118429
118431
118500
118503
118505
118515
118530
118532
118537
118552
118556
118564
118570
118572
118576
118593
118750
118760
118770
118780
118991
118994
118995
118996
118997
118999
389000
389001
389002
389003
389004
389005
389006
389007
389008
389009
389010
389011
389012
389013
389014
389015
389016
389017
389018
389019
389020
389021
389022
389023
389024
389025
389026
389027
389028
389029
389030
389031
389032
389033
389034
389035
389036
389037
389038
389039
389040
389041
389042
389043
389044
389045
389046
389047
389048
389049
389050
389051
389052
389053
389054
389055
389056
389057
389058
389059
389060
389061
389062
389063
389064
389065
389066
389067
389068
389069
389070
389071
389072
389073
389074
389075
389076
389077
389078
389079
389080
389081
389082
389083
389084
389085
389086
389087
389088
389089
389090
389091
389092
389093
389094
389095
389096
389097
389098
389099
389100
389101
389102
389103
389104
389105
389106
389107
389108
389109
389110
389111
389112
389113
389114
389115
389116
389117
389118
389119
389120
389121
389122
389123
389124
389125
389126
389127
389128
389129
389130
389131
389132
389133
389134
389135
389136
389137
389138
389139
389140
389141
389142
389143
389144
389145
389146
389147
389148
389149
389150
389151
389152
389153
389154
389155
389156
389157
389158
389159
389160
389161
389162
389163
389164
389165
389166
389167
389168
389169
389170
389171
389172
389173
389174
389175
389176
389177
389178
389179
389180
389181
389182
389183
389184
389185
389186
389187
389188
389189
389190
389191
389192
389193
389194
389195
389196
389197
389198
389199
389200
389201
389202
389203
389204
389205
389206
389207
389208
389209
389210
389211
389212
389213
389214
389215
389216
389217
389218
389219
389220
389221
389222
389223
389224
389225
389226
389227
389228
389229
389230
389231
389232
389233
389234
389235
389236
389237
389238
389239
389240
389241
389242
389243
389244
389245
389246
389247
389248
389249
389250
389251
389252
389253
389254
389255
389256
389257
389258
389259
389260
389261
389262
389263
389264
389265
389266
389267
389268
389269
389270
389271
389272
389273
389274
389275
389276
389277
389278
389279
389280
389281
389282
389283
389284
389285
389286
389287
389288
389289
389290
389291
389292
389293
389294
389295
389296
389297
389298
389299
389300
389301
389302
389303
389304
389305
389306
389307
389308
389309
389310
389311
389312
389313
389314
389315
389316
389317
389318
389319
389320
389321
389322
389323
389324
389325
389326
389327
389328
389329
389330
389331
389332
389333
389334
389335
389336
389337
389338
389339
389340
389341
389342
389343
389344
389345
389346
389347
389348
389349
389350
389351
389352
389353
389354
389355
389356
389357
389358
389359
389360
389361
389362
389363
389364
389365
389366
389367
389368
389369
389370
389371
389372
389373
389374
389375
389376
389377
389378
389379
389380
389381
389382
389383
389384
389385
389386
389387
389388
389389
389390
389391
389392
389393
389394
389395
389396
389397
389398
389399
389400
389401
389402
389403
389404
389405
389406
389407
389408
389409
389410
389411
389412
389413
389414
389415
389416
389417
389418
389419
389420
389421
389422
389423
389424
389425
389426
389427
389428
389429
389430
389431
389432
389433
389434
389435
389436
389437
389438
389439
389440
389441
389442
389443
389444
389445
389446
389447
389448
389449
389450
389451
389452
389453
389454
389455
389456
389457
389458
389459
389460
389461
389462
389463
389464
389465
389466
389467
389468
389469
389470
389471
389472
389473
389474
389475
389476
389477
389478
389479
389480
389481
389482
389483
389484
389485
389486
389487
389488
389489
389490
389491
389492
389493
389494
389495
389496
389497
389498
389499
